;0;1;2;3;4;5
0;0;16;11;22;28;45
1;16;0;23;20;26;43
2;11;23;0;21;17;34
3;22;20;21;0;16;23
4;28;26;17;16;0;17
5;45;43;34;23;17;0
